Cookie    PCPU  0    PCPU  1    PCPU  2    PCPU  3    PCPU  4    PCPU  5    PCPU  6    PCPU  7    PCPU  8    PCPU  9    PCPU 10    PCPU 11    PCPU 12    PCPU 13    PCPU 14    PCPU 15    PCPU 16    PCPU 17    PCPU 18    PCPU 19    PCPU 20    PCPU 21    PCPU 22    PCPU 23 
0x0000:         0          0          0          0          0          0          0          0          0          0          0          0          0          0          0          0          0          0          0          0          0          0          0          0 VMK ACPI Interrupt
0x0001:         0          0          0          0          0          0          0          0          0          0          0          0          0          0          0          0          0          0          0          0          0          0          0          0 VMK hpet
0x0002:         0          0          0          0          0          0          0          0          0          0          0          0          0          0          0          0          0          0          0          0          0          0          0          0 <VMK device>
0x0003:         0          0          0          0          0          0          0          0          0          0          0          0          0          0          0          0          0          0          0          0          0          0          0          0 <VMK device>
0x0004:         0          0          0          0          0          0          0          0          0          0          0          0          0          0          0          0          0          0          0          0          0          0          0          0 <VMK device>
0x0005:         0          0          0          0          0          0          0          0          0          0          0          0          0          0          0          0          0          0          0          0          0          0          0          0 <VMK device>
0x0006:         0          0          0          0          0          0          0          0          0          0          0          0          0          0          0          0          0          0          0          0          0          0          0          0 <VMK device>
0x0007:         0          0          0          0          0          0          0          0          0          0          0          0          0          0          0          0          0          0          0          0          0          0          0          0 <VMK device>
0x0008:         0          0          0          0          0          0          0          0          0          0          0          0          0          0          0          0          0          0          0          0          0          0          0          0 <VMK device>
0x0009:         0          0          0          0          0          0          0          0          0          0          0          0          0          0          0          0          0          0          0          0          0          0          0          0 <VMK device>
0x000a:         0          0          0          0          0          0          0          0          0          0          0          0          0          0          0          0          0          0          0          0          0          0          0          0 <VMK device>
0x000b:         0          0          0          0          0          0          0          0          0          0          0          0          0          0          0          0          0          0          0          0          0          0          0          0 <VMK device>
0x000c:         0          0          0          0          0          0          0          0          0          0          0          0          0          0          0          0          0          0          0          0          0          0          0          0 <VMK device>
0x000d:         0          0          0          0          0          0          0          0          0          0          0          0          0          0          0          0          0          0          0          0          0          0          0          0 <VMK device>
0x000e:         0          0          0          0          0          0          0          0          0          0          0          0          0          0          0          0          0          0          0          0          0          0          0          0 <VMK device>
0x000f:      4425          0          0          0          0          0          0          0          0          0          0          0          0          0          0          0          0          0          0          0          0          0          0          0 VMK ehci1 intr, VMK uhci2 intr, VMK uhci0 intr
0x0010:         0          0          0          0          0          0          0          0          0          0          0          0          0          0          0          0          0          0          0          0          0          0          0          0 VMK uhci3 intr, VMK uhci1 intr
0x0011:         0          0          0          0          0          0          0          0          0          0          0          0          0          0          0          0          0          0          0          0          0          0          0          0 VMK uhci4 intr, VMK ehci0 intr
0x0012:         0          0          0          0          0          0          0          0          0          0          0          0          0          0          0          0          0          0          0          0          0          0          0          0 VMK atapci0 intr
0x0013:         0          0          0          0          0          0          0          0          0          0          0          0          0          0          0          0          0          0          0          0          0          0          0          0 VMK atapci1 intr
0x0014:    158021     126345     126980      61233      68232      50144      56426      48599      64509      54949      39301      56111      18246      23007       9238       5804       6879       9824       1816       6809       3248       8653       3924       5372 VMK 0000:0b:00.0-txrx-0
0x0015:         0          1          0          0          0          0          0          0          0          0          0          0          0          0          0          0          0          0          0          0          0          0          0          0 VMK 0000:0b:00.1-txrx-0
0x0016:         0          0          1          0          0          0          0          0          0          0          0          0          0          0          0          0          0          0          0          0          0          0          0          0 VMK 0000:10:00.0-txrx-0
0x0017:         0          0          0          1          0          0          0          0          0          0          0          0          0          0          0          0          0          0          0          0          0          0          0          0 VMK 0000:10:00.1-txrx-0
0x0018:         0          0          0          0          0          0          0          0          0          0          0          0          0          0          0          0          0          0          0          0          0          0          0          0 VMK 0000:15:00.0-Rx[0]
0x0019:         0          0          0          0          0          0          0          0          0          0          0          0          0          0          0          0          0          0          0          0          0          0          0          0 VMK 0000:15:00.0-Tx[0]
0x001a:         0          0          0          0          0          0          0          0          0          0          0          0          0          0          0          0          0          0          0          0          0          0          0          0 VMK 0000:15:00.0-Event-ISR:0
0x001b:         0          0          0          0          0          0          0          0          0          0          0          0          0          0          0          0          0          0          0          0          0          0          0          0 VMK 0000:15:00.1-Rx[0]
0x001c:         0          0          0          0          0          0          0          0          0          0          0          0          0          0          0          0          0          0          0          0          0          0          0          0 VMK 0000:15:00.1-Tx[0]
0x001d:         0          0          0          0          0          0          0          0          0          0          0          0          0          0          0          0          0          0          0          0          0          0          0          0 VMK 0000:15:00.1-Event-ISR:1
0x001e:         0          0          0          0          0          0          0          0          0          0    4076981          0          0          0          0          0          0          0          0          0          0          0          0          0 VMK megasas
0x00ef:  13335867   12233938   17681335    8823128   17121626   12361378   10991382    7904581    5817500    3191241    8128185    6633227    1653677    1725658    2185417    1375043    2329543    1361924    1564808    1512954    2939366    3461699    1490314    1860431 VMK timer
0x00f3:    823055     754735     969464     859803     991992     940780    1039895     984816    1057541     851281     971917     790152    1432629     765428    1428628     837812    1325572    1100842    1517531     834240    1216889     807109    1035648     968541 VMK hv_ipi
0x00f4:       102         33         50         27         39         27        119         43         46         28         24         47        209         55        137         52        233         89        111         89        125         61        145        115 VMK timer-ipi
0x00f5:      7412       8076       7170      11103       9486      10309       8144       7156      10054      10711      13638       9382       5280       3736       8798       7300      10436       5693       8470       6965       7944       5122       5628       5077 VMK monitor
0x00f6:    170169     134562     178176     153200     192916     161859     194178     182726     192736     151814     186324     148254     178028      92882     151216      90076     139492     116309     159973     107608     147634      92289     112005     117145 VMK resched
0x00f7:         0          0          0          0          0          0          0          0          0          0          0          0          0          0          0          0          0          0          0          0          0          0          0          0 <VMK device>
0x00f8:     38715      29436      21841      15017      48748       6451      34994      29722      47507      36212      46764      21825      11387      11178      20163      15067       7052      22109       7402       8977      29531      14274      19466       3715 VMK tlb
0x00fa:         0          0          0          0          0          0          0          0          0          0          0          0          0          0          0          0          0          0          0          0          0          0          0          0 VMK perfctr
0x00fb:         0          0          0          0          0          0          0          0          0          0          0          0          0          0          0          0          0          0          0          0          0          0          0          0 VMK cmci
0x00fc:         0          0          0          0          0          0          0          0          0          0          0          0          0          0          0          0          0          0          0          0          0          0          0          0 VMK thermal
0x00fd:         0          0          0          0          0          0          0          0          0          0          0          0          0          0          0          0          0          0          0          0          0          0          0          0 VMK lint1
0x00fe:         0          0          0          0          0          0          0          0          0          0          0          0          0          0          0          0          0          0          0          0          0          0          0          0 VMK error
0x00ff:         0          0          0          0          0          0          0          0          0          0          0          0          0          0          0          0          0          0          0          0          0          0          0          0 VMK spurious
