
Record:Board:
   Type: Board
   Entity-Instance: 15.2
   Part Name: IBM Designed Device
   Version: 
   Manufacturer Name: USIS
   Part Number: 81Y6699
   Serial Number: Y010RW1CC2AG
   Asset Tag: 
   Manufacturer TimeStamp: 1996-01-01T00:00:00
   Raw: 
   Formatted-Raw: 01 18 00 00 00 00 de 55 53 49 53 00 00 00 00 00 00 00 00 00 00 00 00 00 00 00 00 00 00 00 00 00 00 00 00 00 00 e0 49 42 4d 20 44 65 73 69 67 6e 65 64 20 44 65 76 69 63 65 00 00 00 00 00 00 00 00 00 00 00 00 00 de 59 30 31 30 52 57 31 43 43 32 41 47 00 00 00 00 00 00 00 00 00 00 00 00 00 00 00 00 00 00 de 38 31 59 36 36 39 39 20 20 20 20 20 00 00 00 00 00 00 00 00 00 00 00 00 00 00 00 00 00 00 00 cd 35 39 59 33 39 31 35 20 20 20 20 20 00 02 30 00 01 00 02 70 00 de 30 00 00 00 00 00 00 00 00 00 00 00 00 00 00 00 00 00 00 00 00 00 00 00 00 00 00 00 00 00 c1 00 00 00 00 e0 

Record:Board:
   Type: Board
   Entity-Instance: 15.1
   Part Name: IBM Designed Device
   Version: 
   Manufacturer Name: USIS
   Part Number: 81Y6699
   Serial Number: Y010RW1C61N3
   Asset Tag: 
   Manufacturer TimeStamp: 1996-01-01T00:00:00
   Raw: 
   Formatted-Raw: 01 18 00 00 00 00 de 55 53 49 53 00 00 00 00 00 00 00 00 00 00 00 00 00 00 00 00 00 00 00 00 00 00 00 00 00 00 e0 49 42 4d 20 44 65 73 69 67 6e 65 64 20 44 65 76 69 63 65 00 00 00 00 00 00 00 00 00 00 00 00 00 de 59 30 31 30 52 57 31 43 36 31 4e 33 00 00 00 00 00 00 00 00 00 00 00 00 00 00 00 00 00 00 de 38 31 59 36 36 39 39 20 20 20 20 20 00 00 00 00 00 00 00 00 00 00 00 00 00 00 00 00 00 00 00 cd 35 39 59 33 39 31 35 20 20 20 20 20 00 02 30 00 01 00 02 70 00 de 30 00 00 00 00 00 00 00 00 00 00 00 00 00 00 00 00 00 00 00 00 00 00 00 00 00 00 00 00 00 c1 00 00 00 00 f5 

Record:Board:
   Type: Board
   Entity-Instance: 10.2
   Part Name: IBM Designed Device
   Version: 
   Manufacturer Name: EMER
   Part Number: 39Y7235
   Serial Number:  K118118X25V
   Asset Tag: 
   Manufacturer TimeStamp: 1996-01-01T00:00:00
   Raw: 
   Formatted-Raw: 01 18 00 00 00 00 de 45 4d 45 52 00 00 00 00 00 00 00 00 00 00 00 00 00 00 00 00 00 00 00 00 00 00 00 00 00 00 e0 49 42 4d 20 44 65 73 69 67 6e 65 64 20 44 65 76 69 63 65 00 00 00 00 00 00 00 00 00 00 00 00 00 de 20 4b 31 31 38 31 31 38 58 32 35 56 00 00 00 00 00 00 00 00 00 00 00 00 00 00 00 00 00 00 de 33 39 59 37 32 33 35 20 20 20 20 20 00 00 00 00 00 00 00 00 00 00 00 00 00 00 00 00 00 00 00 cd 33 39 59 37 32 33 36 20 20 20 20 20 00 02 33 00 01 00 02 80 00 de 30 00 00 00 00 00 00 00 00 00 00 00 00 00 00 00 00 00 00 00 00 00 00 00 00 00 00 00 00 00 c1 00 00 00 00 44 

Record:Board:
   Type: Board
   Entity-Instance: 10.1
   Part Name: IBM Designed Device
   Version: 
   Manufacturer Name: EMER
   Part Number: 39Y7235
   Serial Number:  K11811BX01H
   Asset Tag: 
   Manufacturer TimeStamp: 1996-01-01T00:00:00
   Raw: 
   Formatted-Raw: 01 18 00 00 00 00 de 45 4d 45 52 00 00 00 00 00 00 00 00 00 00 00 00 00 00 00 00 00 00 00 00 00 00 00 00 00 00 e0 49 42 4d 20 44 65 73 69 67 6e 65 64 20 44 65 76 69 63 65 00 00 00 00 00 00 00 00 00 00 00 00 00 de 20 4b 31 31 38 31 31 42 58 30 31 48 00 00 00 00 00 00 00 00 00 00 00 00 00 00 00 00 00 00 de 33 39 59 37 32 33 35 20 20 20 20 20 00 00 00 00 00 00 00 00 00 00 00 00 00 00 00 00 00 00 00 cd 33 39 59 37 32 33 36 20 20 20 20 20 00 02 33 00 01 00 02 80 00 de 30 00 00 00 00 00 00 00 00 00 00 00 00 00 00 00 00 00 00 00 00 00 00 00 00 00 00 00 00 00 c1 00 00 00 00 4e 

