
 USER-WORLD STATS: Sat Jan 10 09:42:08 2026
 ------------------------------------------
   Start Group ID   : 0
   No. of levels    : 12
   Unit             : KB
   Inclusion filter : (all)
   Exclusion filter : (none)
   Selected columns : (all)

-------------------------------------------------------------------------------------------------------------------------------------------------------------------------------------------------------------------------------------------------------------------------------------------------------------------------------------------------------------------------
                type                 name   schedGrp parSchedGroup   worldGrp        min        max   minLimit     shares  totalResv pinnedResv memSizeLimit    memSize  memBStore swapBStore     mapped    touched  swappable        cow   pageable pageableUnacct     pinned prealloced        shm   allocTgt   consumed    swapTgt    swapped useReliableMem swapScope
-------------------------------------------------------------------------------------------------------------------------------------------------------------------------------------------------------------------------------------------------------------------------------------------------------------------------------------------------------------------------
                  uw         dcui.2099541      10409           780    2099541          0         -1         -1         -3      15900          0           -4      15900      15900          0       3928        784       3928          0          0              0          0          0          0       4320       3928          0          0              n         0
                  uw           sh.2098868       5894           784    2098868          0         -1         -1         -3        804          0           -4        804        804          0        176        140         44        132          0              0          0          0          0        192        176          0          0              n         0
                  uw        hostd.2098878       5974           784    2098878          0         -1         -1         -3      90132          0           -4      90132      90132          0      61128      29052      61128          0          8            496          0          0          0      67240      61128          0          0              n         2
                  uw           sh.2098889       6055           784    2098889          0         -1         -1         -3        804          0           -4        804        804          0        172        136         44        128          0              0          0          0          0        188        172          0          0              n         0
                  uw   rhttpproxy.2098898       6127           784    2098898          0         -1         -1         -3      13108          0           -4      13108      13108          0       5200       2272       5200          0          0            668          0          0          0       5720       5200          0          0              n         2
                  uw           sh.2098815       5531           796    2098815          0         -1         -1         -3        804          0           -4        804        804          0        172        136         44        128          0              0          0          0          0        188        172          0          0              n         0
                  uw hostdCgiServer.2098824     5603           796    2098824          0         -1         -1         -3      17452          0           -4      17452      17452          0       9952        664       9952          0          0            628          0          0          0      10944       9952          0          0              n         0
                  uw         init.2097557        622           798    2097557          0         -1         -1         -3       2336          0           -4       2336       2336          0        132        112         24        108          0              0          0          0          0        144        132          0          0              y         0
                  uw      busybox.2098360       2638           798    2098360          0         -1         -1         -3        840          0           -4        840        840          0        156        156         52        104          0              0          0          0          0        168        156          0          0              n         0
                  uw      busybox.2098452       2845           798    2098452          0         -1         -1         -3        840          0           -4        840        840          0        144        132         12        132          0              0          0          0          0        156        144          0          0              n         0
                  uw           sh.2097912       2179           799    2097912          0         -1         -1         -3        804          0           -4        804        804          0        172        132         48        124          0              0          0          0          0        188        172          0          0              n         0
                  uw     net-lacp.2097922       2259           799    2097922          0         -1         -1         -3       3408          0           -4       3408       3408          0       1520         36       1520          0          0             48          0          0          0       1672       1520          0          0              n         0
                  uw           sh.2099033       6992           800    2099033          0         -1         -1         -3        804          0           -4        804        804          0        172        132         48        124          0              0          0          0          0        188        172          0          0              n         0
                  uw      net-lbt.2099042       7064           800    2099042          0         -1         -1         -3       4052          0           -4       4052       4052          0       2652        196       2652          0          0              0          0          0          0       2916       2652          0          0              n         0
                  uw    vmsyslogd.2097611       1119           803    2097611          0         -1         -1         -3      12716          0           -4      12716      12716          0      10880      10480        500      10380          0              0          0          0          0      11968      10880          0          0              n         0
                  uw    vmsyslogd.2097612       1127           803    2097612          0         -1         -1         -3      17248          0           -4      17248      17248          0      13068       8256       6832       6236          0              0          0          0          0      14372      13068          0          0              n         0
                  uw           sh.2099207       8264           805    2099207          0         -1         -1         -3        804          0           -4        804        804          0        172        132         48        124          0              0          0          0          0        188        172          0          0              n         0
                  uw         dcbd.2099216       8336           805    2099216          0         -1         -1         -3       4432          0           -4       4432       4432          0       2968         40       2968          0          0             24          0          0          0       3264       2968          0          0              n         0
                  uw           sh.2099225       8400           805    2099225          0         -1         -1         -3        804          0           -4        804        804          0        172        132         48        124          0              0          0          0          0        188        172          0          0              n         0
                  uw      net-cdp.2099234       8472           805    2099234          0         -1         -1         -3        628          0           -4        628        628          0         88         16         88          0          0              0          0          0          0         96         88          0          0              n         0
                  uw           sh.2099275       8760           810    2099275          0         -1         -1         -3        804          0           -4        804        804          0        172        132         48        124          0              0          0          0          0        188        172          0          0              n         0
                  uw     nicmgmtd.2099284       8832           810    2099284          0         -1         -1         -3       4052          0           -4       4052       4052          0       2652        528       2652          0          0              0          0          0          0       2916       2652          0          0              n         0
                  uw           sh.2099250       8600           811    2099250          0         -1         -1         -3        804          0           -4        804        804          0        172        132         48        124          0              0          0          0          0        188        172          0          0              n         0
                  uw         nscd.2099259       8672           811    2099259          0         -1         -1         -3       6400          0           -4       6400       6400          0        416        160        416          0          0            232          0          0          0        456        416          0          0              n         0
                  uw           sh.2098963       6472           817    2098963          0         -1         -1         -3        804          0           -4        804        804          0        172        132         48        124          0              0          0          0          0        188        172          0          0              n         0
                  uw      sensord.2098972       6544           817    2098972          0         -1         -1         -3       1876          0           -4       1876       1876          0       1012         72       1012          0          4            132          0          0          0       1112       1012          0          0              n         0
                  uw           sh.2098928       6192           820    2098928          0         -1         -1         -3        804          0           -4        804        804          0        172        132         48        124          0              0          0          0          0        188        172          0          0              n         0
                  uw sdrsInjector.2098937       6264           820    2098937          0         -1         -1         -3       4208          0           -4       4208       4208          0       2680        172       2680          0          0              0          0          0          0       2948       2680          0          0              n         0
                  uw           sh.2098945       6328           820    2098945          0         -1         -1         -3        804          0           -4        804        804          0        172        132         48        124          0              0          0          0          0        188        172          0          0              n         0
                  uw    storageRM.2098954       6400           820    2098954          0         -1         -1         -3       4780          0           -4       4780       4780          0       2688        128       2688          0          0              0          0          0          0       2956       2688          0          0              n         0
                  uw         slpd.2099199       8200           821    2099199          0         -1         -1         -3        888          0           -4        888        888          0        216        204         48        168          0              0          0          0          0        236        216          0          0              n         0
                  uw           sh.2099316       9080           822    2099316          0         -1         -1         -3        804          0           -4        804        804          0        172        132         48        124          0              0          0          0          0        188        172          0          0              n         0
                  uw       smartd.2099325       9152           822    2099325          0         -1         -1         -3       4940          0           -4       4940       4940          0       3392        676       3392          0          0              0          0          0          0       3728       3392          0          0              n         0
                  uw           sh.2098693       4617           824    2098693          0         -1         -1         -3        420          0           -4        420        420          0        172        132         48        124          0              0          0          0          0        188        172          0          0              n         0
                  uw     swapobjd.2098703       4697           824    2098703          0         -1         -1         -3       3748          0           -4       3748       3748          0       2928         32       2928          0          0             48          0          0          0       3220       2928          0          0              n         0
                  uw           sh.2098605       3936           827    2098605          0         -1         -1         -3        804          0           -4        804        804          0        172        132         48        124          0              0          0          0          0        188        172          0          0              n         0
                  uw vmware-usbarbitrator.2098615 4014         827    2098615          0         -1         -1         -3       3608          0           -4       3608       3608          0       1380         44       1380          0          0             48          0          0          0       1516       1380          0          0              n         0
                  uw    vmkdevmgr.2097780       1623           830    2097780          0         -1         -1         -3       5740          0           -4       5740       5740          0       4340       3188       1436       2904          0              0          0          0          0       4772       4340          0          0              n         0
                  uw           sh.2097659       1311           831    2097659          0         -1         -1         -3        804          0           -4        804        804          0        172        132         48        124          0              0          0          0          0        188        172          0          0              n         0
                  uw    vmkeventd.2097666       1367           831    2097666          0         -1         -1         -3       3836          0           -4       3836       3836          0       2532       2504         32       2500          0              0          0          0          0       2784       2532          0          0              n         0
                  uw       python.2102690      22924           833    2102690          0         -1         -1         -3      27532          0           -4      26256      27532          0      15200      15220       3344      11892         20           1900          0          0          0      16720      15200          0          0              n         0
                  uw        lsusb.2104161      30934           833    2104161          0         -1         -1         -3       1836          0            0          0       1836          0          0          0       1232          0          0            692          0          0          0          0          0          0          0              n         0
                  uw     memstats.2104169      30966           833    2104169          0         -1         -1         -3       1888          0            0          0       1888          0          0          0       1036          0          8           2896          0          0          0          0          0          0          0              n         0
                  uw       python.2104171      30974           833    2104171          0         -1         -1         -3       4240          0            0          0       4240          0          0          0       3380          0         48           2636          0          0          0          0          0          0          0              n         0
                  uw           sh.2097623       1191           834    2097623          0         -1         -1         -3        804          0           -4        804        804          0        172        132         48        124          0              0          0          0          0        188        172          0          0              n         0
                  uw         vobd.2097635       1279           834    2097635          0         -1         -1         -3      15444          0           -4      15444      15444          0       3276         92       3276          0          0            356          0          0          0       3600       3276          0          0              n         0
                  uw           sh.2099333       9216           835    2099333          0         -1         -1         -3        804          0           -4        804        804          0        172        132         48        124          0              0          0          0          0        188        172          0          0              n         0
                  uw         vpxa.2099343       9296           835    2099343          0         -1         -1         -3      35892          0           -4      35892      35892          0      25792       6032      25792          0          0            480          0          0          0      28368      25792          0          0              n         2
                  uw           sh.2099540      10401           776    2099540          0         -1         -1         -3       2336          0           -4       2336       2336          0        128         96         40         88          0              0          0          0          0        140        128          0          0              n         0
                  uw           sh.2098650       4281           774    2098650          0         -1         -1         -3        804          0           -4        804        804          0        172        136         44        128          0              0          0          0          0        188        172          0          0              n         0
                  uw ioFilterVPServer.2098660   4361           774    2098660          0         -1         -1         -3       9064          0           -4       9064       9064          0       5672        752       5672          0          0             52          0          0          0       6236       5672          0          0              n         0
               (all)           vm.2099653      11033             4    2099653      18348         -1         -1         -3      18348      17892      1048576      44880      15480      29400      11992       1924      10804          0          0            292       1188          0          0      13188      11992          0          0              n         1
               (all)           vm.2099800      12088             4    2099800       6616         -1         -1         -3       6616       5992      1048576      58664       4728      53936      15696       6604       9976          0          0            452       5720          0          0      17264      15696          0          0              n         1
               (all)           vm.2100898      18037             4    2100898       8112         -1         -1         -3       8112       7484      1048576      39108       1668      37440      20748       8032      13612          0          0            400       7136          0          0      22820      20748          0          0              n         1
-------------------------------------------------------------------------------------------------------------------------------------------------------------------------------------------------------------------------------------------------------------------------------------------------------------------------------------------------------------------------
                                                                                   33076                                      373368      31368                  473704     362168     120776     237828     101184     192580      36888         88          12480      14044          0          0     261536     237828          0          0                         
-------------------------------------------------------------------------------------------------------------------------------------------------------------------------------------------------------------------------------------------------------------------------------------------------------------------------------------------------------------------------
